309 44 819 138 394 511 64 534 367 665
309 351 304 423 43 15 791 133 885 64
176 966 241 304 874 81 966 330 534 600
511 296 367 927 129 377 226 534 403 83
390 22 966 729 237 665 561 444 237 237
88 901 885 705 476 404 977 906 916 133
238 493 309 865 155 739 964 628 344 487
138 237 237 831 668 705 356 2 475 105
578 83 476 304 761 652 470 885 966 530
705 790 117 785 497 226 844 791 885 941
422 367 304 668 930 52 966 730 668 133
15 759 223 914 82 775 117 577 812 791
838 486 237 304 761 739 472 296 885 791
428 914 237 367 941 783 726 237 237 759
296 277 51 138 736 367 15 714 561 966
322 226 237 318 759 885 885 785 885 27
318 739 703 64 609 885 0 534 377 745
390 421 885 138 270 390 534 405 407 785
378 433 946 428 304 911 959 304 237 885
428 237 713 237 628 15 428 745 367 579
237 296 155 885 874 713 411 75 367 489
309 270 759 783 912 356 228 465 396 883
534 538 248 984 274 372 422 24 745 111
472 874 6 428 241 392 885 668 689 968
885 648 192 237 296 424 15 628 304 15
237 904 788 396 745 612 885 0 64 668
229 367 729 705 761 775 237 476 511 885
82 476 729 639 436 904 731 356 588 596
409 64 421 885 64 785 237 870 607 311
713 270 367 885 885 885 304 237 874 726
159 582 440 648 269 759 367 250 213 64
107 700 973 270 396 729 893 105 885 609
745 868 237 904 111 904 243 759 183 404
298 213 237 885 133 759 159 729 895 791
138 270 321 885 745 397 133 668 475 262
6 321 885 237 57 693 237 396 213 52
318 713 237 705 790 761 668 5 296 775
980 435 885 226 241 904 396 879 713 147
428 534 883 237 726 229 237 176 967 750
237 578 745 176 812 349 322 182 356 668
421 534 715 938 248 700 403 390 791 367
980 229 175 966 396 865 0 2 390 237
237 851 226 304 729 377 222 884 745 523
390 885 663 131 422 885 791 527 885 785
271 15 904 53 226 791 848 566 367 304
831 470 885 885 270 578 367 182 522 2
885 885 304 270 885 304 885 885 5 358
729 237 237 534 511 237 759 476 910 885
559 545 376 700 440 966 628 668 497 730
246 237 885 6 237 819 237 885 812 175
745 176 15 176 304 914 759 729 844 423
145 270 285 885 868 133 144 419 761 131
229 243 729 914 885 906 912 547 428 511
176 155 795 854 901 440 745 368 950 844
138 237 885 262 729 965 411 761 467 530
159 237 304 878 64 906 761 966 303 237
578 64 885 534 745 15 856 367 775 791
77 270 367 703 193 668 873 773 938 249
759 133 296 961 609 523 442 931 474 237
237 797 885 523 705 367 470 237 885 133
367 237 304 223 761 759 729 775 390 117
822 237 237 885 654 759 374 330 508 237
390 819 791 885 89 435 759 435 788 111
713 476 703 791 885 814 726 70 904 668
559 64 15 177 367 588 538 501 487 926
911 329 668 852 838 702 444 759 980 48
237 759 367 407 814 856 914 791 304 396
428 237 885 226 237 703 559 534 118 65
731 117 195 428 745 834 791 15 428 428
237 64 739 296 447 333 628 814 413 318
472 176 745 238 356 442 442 780 129 133
700 703 428 138 609 144 397 860 237 303
759 349 237 578 672 5 271 729 53 64
774 378 885 745 10 559 713 731 226 759
237 588 226 791 472 223 979 729 885 155
368 367 968 2 856 844 82 117 885 464
729 566 999 270 731 791 612 356 670 914
440 296 182 131 561 61 223 685 523 729
177 237 304 653 213 237 885 447 367 885
428 176 133 745 155 356 511 237 237 850
834 223 367 95 971 98 105 237 759 508
237 254 759 453 761 455 386 713 368 844
788 176 270 237 906 511 367 511 904 582
356 15 729 226 759 39 404 2 620 639
66 176 463 176 885 138 703 906 192 334
470 904 556 885 435 759 12 298 527 428
745 237 759 807 530 390 456 759 760 303
182 377 226 729 941 791 237 176 885 885
559 428 22 79 433 237 223 470 511 428
304 538 226 885 966 534 270 885 668 237
237 931 689 700 64 967 578 390 775 330
223 534 844 440 713 367 668 82 968 874
578 703 885 885 237 237 759 63 885 64
322 648 790 175 745 700 291 759 761 980
430 470 237 885 791 349 82 251 672 596
938 980 885 368 255 6 885 476 730 367
791 534 783 700 791 904 819 440 834 5
237 766 237 237 713 270 791 759 12 209
271 433 133 237 440 366 731 926 966 319
729 885 270 237 297 759 630 904 966 885
559 396 556 358 237 285 304 71 705 783
914 177 791 138 566 759 867 435 759 834
138 428 578 39 414 627 911 893 729 730
831 77 775 885 648 223 761 885 668 885
759 700 885 966 237 879 422 627 367 885
470 966 367 885 907 131 759 356 885 726
237 914 885 10 713 356 761 53 885 511
367 138 366 339 417 932 475 392 343 218
396 894 237 15 859 367 728 775 885 914
237 885 237 237 964 885 534 561 390 559
914 237 735 237 729 885 470 745 262 726
237 859 237 270 423 57 2 885 775 480
175 226 237 237 223 323 475 596 428 911
436 237 237 458 885 223 53 885 495 367
428 783 311 723 759 885 538 759 430 971
814 700 885 796 15 534 15 82 291 237
144 885 796 885 262 117 914 931 226 791
237 237 885 270 628 673 356 356 278 837
705 729 648 304 612 657 794 623 775 318
237 176 158 472 155 534 885 790 761 670
309 928 759 657 64 907 790 612 567 761
578 463 745 561 759 705 665 745 914 117
428 138 237 318 648 709 628 761 775 237
705 885 15 176 75 904 761 713 885 237
390 868 285 467 428 237 941 885 821 713
530 791 237 578 773 713 367 922 241 304
788 759 419 726 713 56 74 262 133 775
390 578 534 657 237 885 730 229 367 367
700 908 237 223 164 367 791 64 705 262
321 237 138 270 237 64 367 885 534 700
713 703 885 82 885 826 759 982 885 834
78 356 657 814 885 138 223 251 785 998
532 428 759 226 759 775 795 199 885 396
794 759 759 582 322 250 759 380 237 64
428 423 609 873 729 438 859 653 731 176
390 759 881 356 837 653 791 885 304 745
759 736 788 791 435 628 159 237 852 759
82 356 852 398 367 729 88 656 159 977
530 759 668 623 155 675 561 628 885 745
419 904 237 304 377 885 966 177 428 237
237 885 705 470 511 237 726 904 912 834
428 534 176 759 885 237 534 285 318 322
578 213 759 729 700 931 791 731 914 885
237 885 237 237 731 367 334 834 226 545
759 904 63 237 904 237 648 660 435 64
193 780 270 237 904 39 83 814 874 237
309 914 88 345 0 237 885 299 759 885
713 826 705 657 367 648 966 456 885 428
696 270 885 859 791 545 609 790 476 355
309 832 463 885 731 850 831 847 322 146
814 705 329 53 794 791 229 628 326 237
466 147 428 367 83 304 129 511 367 133
298 885 396 785 791 48 930 901 155 885
790 705 672 663 750 181 246 64 89 237
761 852 791 440 177 885 534 176 705 790
237 237 237 511 628 534 176 133 358 318
729 713 367 512 390 176 556 759 456 815
367 788 428 321 668 668 812 607 623 213
390 470 262 303 511 428 885 914 885 237
229 705 966 856 638 966 53 885 814 790
237 304 729 176 831 138 885 668 705 451
438 321 885 731 428 237 731 534 431 801
147 472 444 237 759 133 367 729 440 475
456 428 885 538 99 966 246 428 759 775
527 237 368 299 176 133 356 270 318 155
957 790 497 559 791 396 979 799 968 437
237 470 237 729 270 237 377 966 693 980
819 176 759 849 698 885 790 731 322 356
472 237 885 812 919 759 428 64 56 296
322 147 791 773 176 762 467 628 155 377
269 138 759 65 639 296 226 885 885 270
534 621 237 834 534 775 390 262 832 367
237 237 304 668 83 783 322 157 700 155
367 13 756 237 745 885 566 885 237 904
304 904 867 237 545 566 560 226 904 505
45 759 775 759 931 672 847 885 237 304
356 807 223 703 64 814 83 356 849 356
309 484 593 318 703 176 367 237 885 534
322 683 15 237 790 436 885 237 237 237
138 334 998 821 262 968 15 908 133 226
759 596 588 12 885 304 534 356 979 237
814 807 689 226 885 237 164 304 133 57
530 15 367 329 304 248 874 566 304 885
140 759 742 959 166 487 422 202 926 628
456 237 791 705 638 868 904 113 367 775
538 648 686 533 327 414 791 885 219 237
375 318 885 885 421 262 237 791 705 729
262 358 237 237 874 759 612 15 759 318
907 428 885 304 511 885 648 881 759 785
458 759 237 237 966 759 729 53 672 775
759 926 534 644 745 657 117 885 182 775
134 435 759 534 48 630 980 309 388 885
997 914 885 703 304 2 15 703 111 759
653 64 609 759 638 668 425 556 736 304
745 783 453 942 931 304 598 885 367 5
321 700 759 147 534 668 668 802 56 998
390 534 966 700 885 759 367 117 700 668
390 111 440 176 237 64 463 759 330 885
15 262 39 127 783 672 470 761 237 691
547 470 64 534 885 175 436 304 511 64
322 345 623 79 237 82 414 966 941 885
318 237 304 791 133 241 966 64 609 672
358 745 200 237 64 885 428 331 367 83
866 237 237 64 595 885 237 885 703 237
390 428 713 575 885 53 885 885 904 237
821 15 304 648 785 783 356 593 403 791
176 834 794 367 609 729 672 237 904 777
22 790 9 403 911 216 226 904 689 318
237 237 885 270 241 534 713 761 367 713
262 318 885 788 731 304 966 885 367 673
390 15 237 27 505 567 291 791 422 367
729 176 966 224 729 322 366 546 501 802
237 237 304 885 270 795 914 133 303 885
367 885 759 928 761 645 223 879 885 64
237 433 759 366 356 620 548 991 48 932
298 885 304 237 223 729 538 335 645 791
237 885 663 60 570 967 311 488 628 885
318 759 566 238 450 303 305 627 628 885
745 788 237 648 761 729 885 638 534 409
64 731 791 534 926 914 745 223 795 367
237 885 213 759 761 814 609 356 436 318
771 138 791 885 596 779 401 638 366 729
440 138 759 476 761 893 26 367 668 893
322 155 176 356 209 718 885 885 176 638
117 330 367 512 885 941 797 885 745 57
748 226 237 428 879 759 530 237 964 39
138 700 428 885 304 885 885 595 153 356
530 885 433 285 523 648 761 814 318 53
147 673 600 966 885 428 237 176 914 223
237 138 759 470 790 731 463 390 998 609
237 237 133 334 12 237 237 628 511 906
309 438 791 726 713 885 476 296 559 356
266 966 885 885 270 5 224 668 885 133
530 668 530 158 885 668 639 37 904 435
394 855 138 745 473 367 729 554 893 645
559 367 885 705 648 561 145 19 476 527
309 667 321 176 409 133 270 814 885 885
428 885 237 739 15 777 689 367 367 311
559 885 367 596 729 870 440 256 398 796
138 556 759 219 668 190 0 83 367 262
886 237 538 22 547 297 456 277 849 511
254 761 885 304 381 959 155 237 237 819
859 761 237 237 885 885 270 534 176 729
318 396 703 609 223 874 237 534 270 668
88 735 367 433 668 88 570 241 304 649
138 705 159 906 75 700 241 396 561 885
834 334 980 511 904 318 428 885 885 304
739 474 237 713 885 367 729 761 530 237
771 885 396 885 759 607 729 182 657 158
472 237 176 261 534 83 714 237 303 428
760 127 759 171 159 997 759 773 241 7
309 463 237 309 784 791 523 377 356 968
390 559 138 226 628 559 761 729 885 404
440 237 343 859 390 223 463 885 969 759
982 237 428 334 885 64 39 44 456 859
367 285 559 582 226 304 367 538 596 819
816 966 226 653 277 64 668 504 534 834
237 941 663 226 759 356 874 791 270 628
859 237 367 155 885 534 831 657 980 237
309 356 403 700 262 641 224 237 237 195
759 223 237 534 556 940 791 318 367 213
561 476 138 412 237 668 237 367 885 973
914 237 176 270 885 869 761 885 237 628
213 367 729 644 209 566 82 2 766 649
390 914 237 428 428 885 175 904 885 885
88 356 936 309 738 902 904 700 759 885
138 705 358 759 705 53 812 596 885 834
559 885 304 885 582 304 237 237 317 63
745 885 367 226 759 874 534 885 474 831
367 133 885 237 759 879 64 57 832 775
138 729 759 237 904 600 914 904 237 671
176 672 147 368 472 656 534 155 762 791
390 356 237 277 421 628 885 453 998 775
329 885 832 51 885 237 237 759 885 885
440 904 814 270 322 75 182 378 885 213
472 703 791 966 761 304 761 15 885 155
745 89 367 189 783 761 656 885 101 628
390 428 768 131 856 791 237 730 89 582
229 819 904 885 609 64 304 560 794 476
237 64 133 964 237 530 791 966 906 511
237 82 644 931 262 729 318 885 226 815
321 176 223 428 656 700 904 438 368 968
309 729 470 791 609 133 705 609 759 916
471 334 844 980 959 53 15 534 237 304
390 15 566 176 138 511 367 566 885 428
713 176 821 759 226 15 931 885 138 237
138 885 237 759 861 668 442 999 100 304
202 885 224 470 966 761 237 428 64 296
247 108 968 377 356 607 53 378 914 759
759 290 759 248 838 450 914 788 367 556
759 459 885 791 237 467 205 885 759 561
180 847 428 458 117 538 543 640 759 147
237 433 278 911 648 748 834 262 223 802
237 237 559 256 223 885 304 703 237 759
390 759 938 588 713 274 490 628 994 438
390 467 237 237 304 700 885 367 785 404
885 270 304 367 989 414 791 759 885 726
237 304 885 759 424 428 967 479 668 17
428 428 237 831 15 322 127 356 511 885
237 237 237 814 155 367 729 814 844 237
193 9 180 78 53 996 178 534 226 304
176 226 237 309 672 534 729 761 802 237
138 428 144 112 784 980 411 703 534 237
377 15 791 863 237 176 368 885 844 367
736 559 885 609 885 237 745 713 761 367
237 223 883 224 874 237 856 885 759 230
759 456 885 304 885 322 223 75 598 428
799 885 304 831 874 739 356 424 559 117
980 458 367 159 356 856 356 775 237 262
423 412 790 745 790 216 593 791 788 421
237 237 428 440 885 638 673 153 938 525
269 237 885 885 435 304 270 885 703 476
405 334 216 157 718 791 396 644 226 885
530 193 729 559 534 980 814 959 968 440
390 421 396 71 885 237 731 967 609 847
814 705 237 396 277 668 998 535 367 875
440 736 914 176 15 815 12 814 223 538
237 534 22 9 474 472 914 885 791 759
322 470 538 980 523 653 628 211 138 572
831 874 885 270 885 176 691 213 879 329
309 582 57 663 15 241 476 213 729 885
759 136 246 131 759 508 1 131 455 756
138 133 356 530 296 3 356 937 561 911
456 428 368 819 904 607 12 759 435 428
470 700 396 879 456 223 374 547 237 940
472 237 237 304 511 759 366 600 367 566
559 759 334 97 304 34 745 322 885 856
322 596 237 726 367 790 473 999 7 440
378 527 428 812 668 702 729 390 834 367
883 476 794 980 495 367 956 930 941 318
237 180 885 705 729 531 885 885 367 561
237 144 36 761 534 367 883 248 644 413
729 914 26 237 534 270 885 466 745 456
788 107 176 814 607 941 237 885 885 511
428 237 476 64 425 962 83 759 534 912
814 639 881 138 318 390 794 463 931 745
700 237 729 885 155 176 785 15 713 108
309 226 472 270 304 356 831 844 885 885
296 885 834 765 440 262 175 859 237 237
530 416 176 885 821 791 64 356 437 879
318 229 64 133 213 330 534 15 904 885
390 885 814 703 885 304 703 229 794 304
237 814 999 159 248 470 904 775 885 193
390 759 425 197 642 237 791 791 885 428
61 653 511 428 213 731 885 885 914 8
440 729 885 713 366 322 814 497 796 0
309 668 280 228 56 274 446 474 796 322
745 801 237 885 270 237 559 176 785 474
277 703 237 237 304 176 996 973 414 691
82 775 304 731 322 262 791 630 794 421
138 56 906 607 588 718 367 731 258 885
466 791 237 237 193 318 870 530 237 237
237 791 237 223 966 429 730 456 788 582
390 144 367 351 726 403 791 904 814 511
814 700 648 942 237 428 543 847 318 904
356 885 548 475 177 885 630 885 731 213
568 390 700 304 270 527 628 966 790 3
175 428 759 226 713 224 885 668 685 241
455 463 237 15 967 731 56 164 856 534
672 237 237 271 729 638 390 729 15 367
138 588 788 2 2 50 570 719 788 291
237 534 433 530 766 966 237 147 885 885
175 914 304 885 176 473 428 885 705 159
759 329 13 703 759 906 12 730 885 133
762 226 885 885 964 745 761 89 885 834
237 176 885 914 885 713 609 127 729 885
428 812 334 164 942 428 367 914 368 435
309 368 44 980 885 144 255 64 318 241
885 609 237 133 819 904 64 194 713 430
237 523 223 885 456 904 729 729 237 527
759 226 814 53 904 15 879 223 628 53
982 885 159 435 759 885 885 885 470 138
885 226 588 942 237 885 964 885 885 237
318 534 472 318 390 885 367 226 64 15
237 82 898 759 368 356 648 926 968 941
428 138 668 856 729 885 705 367 775 318
237 318 791 176 237 237 596 891 17 998
791 304 527 376 326 745 366 975 990 534
367 761 759 226 237 534 885 745 176 534
423 321 175 237 16 838 761 427 226 885
138 270 729 433 53 731 428 729 9 467
237 759 814 311 885 885 440 133 759 885
745 639 334 493 64 812 566 193 906 885
77 237 304 759 910 885 330 390 476 668
291 64 653 378 217 175 367 467 237 237
559 885 237 237 831 639 761 155 146 713
322 713 906 766 874 193 77 262 668 700
237 885 700 270 885 223 495 511 428 739
756 318 885 304 296 291 885 131 874 730
759 689 9 12 731 237 904 381 255 922
237 636 885 470 663 729 904 322 117 561
8 964 705 241 545 607 814 812 374 759
322 435 15 396 15 847 904 523 729 444
223 444 759 409 627 322 702 77 237 628
559 64 714 246 559 241 334 883 964 356
329 644 155 745 559 791 440 878 133 885
814 559 237 237 237 421 46 713 783 56
682 885 318 885 223 577 689 117 844 904
774 638 628 646 304 733 270 885 65 270
745 885 791 147 791 138 394 885 759 356
309 9 176 470 729 791 759 155 237 237
433 596 745 12 15 27 417 980 440 885
322 762 127 440 885 297 731 270 396 57
88 70 322 844 596 322 907 794 791 791
351 356 867 367 533 600 885 237 885 726
472 223 885 598 885 885 609 219 527 745
237 433 885 192 791 270 534 657 237 237
966 237 885 433 213 334 275 998 856 525
729 791 885 270 534 885 64 801 237 885
980 367 609 470 318 428 885 304 705 133
914 322 271 556 390 440 523 718 885 396
838 578 700 262 821 428 759 700 226 885
390 713 237 226 904 237 476 304 745 885
158 285 79 421 409 885 304 223 270 794
237 791 237 367 425 885 885 428 275 440
814 807 368 155 467 904 600 411 966 175
713 377 515 524 7 653 237 111 237 791
356 334 332 82 63 914 815 668 262 433
663 768 344 158 695 66 270 656 368 946
844 428 918 656 656 790 226 15 237 713
980 364 176 64 663 368 425 442 695 430
440 270 476 304 600 223 237 713 726 885
730 628 847 470 791 885 366 176 419 794
150 237 309 930 378 133 728 442 634 971
980 56 609 213 414 630 927 628 910 759
566 440 885 796 22 607 155 654 64 885
428 237 237 433 885 885 713 885 270 243
530 355 729 931 237 759 914 64 43 330
77 791 912 51 237 534 745 885 729 856
57 534 291 844 596 147 131 304 298 237
729 885 609 237 885 237 64 524 885 237
351 367 378 600 356 250 367 470 885 534
64 631 799 182 440 124 564 950 791 759
578 82 512 22 223 472 296 668 182 561
598 224 10 964 638 801 5 244 904 745
578 703 885 705 729 435 967 656 885 980
237 729 367 396 566 440 673 133 815 794
309 700 973 775 237 304 989 202 356 456
831 102 980 480 390 396 108 83 652 223
885 270 64 39 885 788 885 270 885 176
207 812 303 856 814 356 837 229 885 931
556 237 784 237 304 566 131 534 668 729
700 564 428 653 759 874 914 759 761 547
428 237 237 966 534 885 566 999 296 885
237 428 304 237 759 638 303 821 885 791
455 345 159 980 159 219 794 904 691 237
628 814 70 922 428 745 262 407 856 2
77 713 226 476 693 904 133 511 628 938
318 856 205 791 428 668 89 657 444 237
819 703 428 668 511 790 638 885 775 885
759 775 942 788 304 534 966 223 606 705
653 304 435 237 428 511 904 270 367 9
600 237 89 885 428 697 241 874 64 530
237 213 455 396 53 367 673 729 758 904
6 868 367 334 511 367 83 968 885 155
729 64 668 703 904 223 435 298 759 668
322 729 700 759 961 589 322 607 759 605
790 903 304 904 582 914 176 436 534 968
436 367 556 966 534 729 356 356 775 107
390 885 176 729 885 885 327 0 726 815
304 237 176 885 956 356 646 885 237 729
237 428 396 522 133 335 700 237 815 63
527 64 785 736 874 237 904 82 194 834
394 527 456 237 534 966 470 304 476 138
759 703 874 885 270 237 726 309 249 885
885 791 731 237 367 436 534 435 527 237
472 705 356 476 975 158 226 144 107 726
985 775 686 237 194 129 479 298 534 224
367 64 303 942 534 885 833 237 874 64
367 344 237 885 705 440 815 593 745 322
22 52 318 367 12 440 582 356 775 237
730 809 759 226 628 600 433 729 377 966
237 237 530 759 252 638 237 904 133 885
428 176 213 761 668 705 729 911 322 0
88 345 901 223 673 759 430 356 610 237
322 356 899 237 966 356 821 600 330 885
237 588 89 759 821 237 304 5 304 906
911 893 213 885 155 453 56 250 155 885
318 885 885 689 82 761 0 759 237 237
644 304 775 176 885 304 384 159 318 885
761 64 657 700 5 729 729 783 775 904
713 729 729 117 523 356 566 223 968 703
700 64 159 874 390 318 511 628 318 885
322 638 885 885 397 893 856 668 828 237
15 138 791 159 713 926 237 390 428 470
74 318 729 374 904 759 703 223 668 367
745 736 856 559 219 334 436 657 15 534
689 287 367 270 304 729 598 600 270 904
390 133 440 367 15 428 691 885 435 904
600 318 237 138 133 237 523 304 367 795
893 155 783 638 470 511 967 761 600 885
561 966 176 176 961 223 458 111 237 791
367 705 926 237 509 322 397 474 759 995
472 859 534 417 57 237 700 885 885 885
729 941 129 885 885 885 885 396 567 237
394 718 53 566 433 729 303 566 367 761
726 367 759 668 90 534 700 729 730 133
430 56 53 791 627 973 759 413 237 885
237 428 237 885 133 577 377 475 53 133
814 713 368 985 874 291 262 913 572 927
138 885 237 729 759 967 593 885 791 367
564 759 396 368 332 640 321 303 318 885
237 48 914 470 237 826 309 377 831 277
64 759 945 470 237 904 791 390 356 775
164 428 607 668 689 158 269 911 367 794
318 138 176 356 251 229 761 859 904 885
428 759 556 223 322 56 844 911 322 684
729 83 668 644 556 83 396 366 968 38
705 715 237 421 956 237 176 966 762 761
88 226 15 885 237 885 966 904 785 638
237 237 653 703 759 83 367 435 367 730
309 881 117 874 826 777 720 430 926 390
440 237 566 304 713 885 63 731 155 912
814 689 672 705 988 790 2 902 904 885
472 237 966 609 761 729 9 470 367 980
91 713 729 703 428 322 879 628 435 885
175 791 175 155 511 885 237 904 213 396
729 648 237 527 638 304 275 759 159 428
826 304 223 723 713 64 585 511 321 237
237 304 133 433 885 693 322 885 885 237
705 176 155 904 248 761 967 29 303 885
367 428 657 237 237 356 258 9 414 53
322 495 885 224 712 759 885 761 367 147
88 578 814 917 3 375 788 440 428 783
472 566 356 246 761 885 237 713 831 885
237 729 238 926 788 904 304 729 885 131
470 759 55 966 582 790 226 791 237 885
322 628 620 726 819 246 885 745 815 726
554 892 903 271 980 237 5 366 566 759
8 270 885 885 176 435 759 713 237 2
759 226 237 176 600 726 885 467 129 530
428 433 814 759 159 609 440 223 11 534
729 437 472 367 527 436 967 56 775 237
237 428 367 600 367 356 885 609 852 237
159 377 755 237 582 966 12 627 270 904
138 885 783 155 729 117 366 531 111 237
940 304 885 731 885 973 791 705 895 527
390 339 237 885 745 159 366 668 906 926
791 138 133 527 226 759 12 237 64 334
309 470 367 311 223 980 223 83 883 775
187 176 566 668 609 534 729 456 791 759
147 907 885 223 435 885 731 885 133 270
237 412 237 82 534 838 2 975 567 561
368 980 745 801 456 298 668 61 731 759
367 745 133 226 237 534 966 71 785 885
814 470 435 729 113 176 885 131 237 885
121 309 729 303 182 223 56 178 215 322
428 782 703 22 531 819 705 318 885 237
556 885 237 176 309 713 761 885 342 791
530 458 390 979 322 672 775 456 237 270
237 705 534 531 885 176 37 759 237 226
790 705 246 713 885 133 919 885 334 53
390 237 791 559 304 138 668 775 9 15
138 931 428 648 433 158 12 428 914 885
237 322 262 832 117 952 906 628 980 785
309 407 729 700 226 390 277 783 356 885
322 407 470 428 691 64 885 775 600 885
22 596 530 914 566 262 175 906 821 64
911 791 759 334 438 155 534 237 838 250
578 480 791 0 791 224 322 397 322 668
390 296 64 596 358 237 847 237 237 511
147 304 396 269 759 414 885 456 885 396
578 609 700 304 176 75 5 497 129 453
223 366 155 377 234 470 396 218 226 791
309 729 844 705 847 237 904 237 831 309
237 534 736 672 367 83 226 63 730 241
368 885 885 980 885 237 304 476 761 467
791 831 368 930 998 569 133 456 628 705
262 44 237 22 117 356 821 250 906 668
237 237 759 270 428 885 804 759 870 639
309 117 791 668 675 653 904 367 511 885
567 964 15 237 791 237 330 111 885 703
330 814 138 626 113 56 303 729 155 237
390 672 745 556 262 424 456 885 885 237
237 64 176 904 9 133 566 596 480 356
298 9 411 663 127 237 791 964 304 885
64 863 241 303 874 321 982 111 759 609
177 885 270 237 476 176 904 885 65 226
237 8 176 367 280 648 2 333 474 480
759 290 966 192 628 967 0 547 885 428
390 237 155 64 761 883 729 440 885 117
262 64 278 847 422 791 600 176 966 435
994 117 304 440 959 92 885 673 182 322
390 53 885 237 609 409 377 131 885 226
791 343 367 622 497 791 133 673 759 318
819 329 807 51 759 322 467 15 791 885
636 237 885 914 885 885 226 396 577 762
138 26 237 223 377 703 657 237 237 759
705 609 243 390 390 668 199 237 64 226
237 237 476 56 318 713 421 775 885 195
309 138 25 566 705 237 713 967 885 429
790 111 367 775 237 64 609 759 639 596
703 814 323 197 791 411 327 311 796 74
297 759 574 905 367 538 713 922 15 298
229 237 819 788 869 237 796 728 107 511
559 796 226 885 127 33 668 435 885 176
914 334 394 686 731 440 885 612 241 730
176 396 117 685 914 759 907 582 476 138
367 759 226 885 64 304 648 6 906 372
321 213 885 147 582 731 729 435 628 155
426 980 176 299 672 761 885 729 759 775
759 223 411 683 874 456 885 127 885 241
390 745 270 176 885 912 648 668 435 759
15 791 262 914 628 530 779 999 885 904
472 224 470 559 856 759 668 334 790 998
304 759 664 17 598 422 905 885 396 834
298 885 883 885 668 885 82 2 775 856
237 814 155 791 914 89 885 374 904 885
134 802 22 487 356 456 856 657 440 911
859 534 237 931 330 653 885 566 164 797
176 705 291 885 609 980 885 911 626 129
270 795 794 766 476 785 15 304 304 470
390 885 367 785 665 907 322 83 831 963
428 739 270 237 237 628 237 759 885 785
705 942 578 759 147 941 906 428 262 127
821 428 367 534 12 904 713 12 726 885
534 668 425 3 998 316 670 29 362 756
390 885 304 470 885 237 885 534 92 176
774 262 326 980 906 852 885 213 730 885
428 511 794 304 534 456 64 834 927 790
745 713 12 729 237 885 22 83 980 440
472 403 411 832 691 304 812 202 911 775
713 138 64 311 64 885 885 536 525 511
845 885 270 237 523 731 885 270 304 885
61 237 356 870 534 761 53 791 367 241
49 561 367 270 223 384 534 158 256 636
526 959 3 665 541 759 270 304 759 83
440 729 223 812 309 372 736 885 705 356
566 237 759 713 138 668 1 639 190 761
237 237 64 885 304 729 797 511 904 567
322 326 269 885 127 367 270 904 668 367
322 672 859 367 226 759 588 791 374 759
237 775 175 797 759 97 885 225 726 64
64 334 226 223 322 596 89 304 844 759
762 593 237 885 966 444 885 138 729 138
428 356 644 470 691 304 904 237 815 968
309 941 318 117 255 322 417 874 794 229
748 207 139 980 356 691 202 298 885 729
973 366 596 713 729 914 794 111 237 237
472 874 390 176 435 237 885 989 609 759
229 304 713 885 703 534 703 64 253 223
237 534 278 729 775 322 530 133 82 668
455 366 566 980 213 89 582 996 534 64
759 766 885 713 799 729 237 759 368 582
435 138 885 472 367 538 926 627 815 559
567 419 885 628 436 246 428 885 922 367
756 138 885 703 176 404 534 607 627 788
237 534 270 885 304 100 919 885 213 424
885 534 270 759 237 309 3 356 425 623
726 703 819 534 149 237 885 759 275 714
131 819 237 885 322 223 322 630 422 304
390 367 224 322 262 224 218 372 179 557
229 237 729 566 885 138 241 64 964 772
147 831 133 470 298 759 10 874 64 270
140 885 759 444 304 885 309 607 750 700
428 444 885 223 278 237 237 885 433 435
712 609 759 438 356 83 728 802 322 705
237 237 367 566 885 609 885 981 885 885
354 270 398 428 224 790 368 561 322 916
309 609 223 497 728 226 304 777 877 497
390 176 885 237 53 761 428 885 729 270
440 700 108 133 566 549 321 64 213 885
138 75 428 931 270 64 911 472 910 791
428 270 885 522 999 270 796 582 966 559
801 26 175 304 82 979 885 796 63 967
377 89 296 356 248 209 445 136 569 318
237 472 556 237 534 144 164 53 368 226
819 304 534 668 908 874 176 893 511 237
137 423 706 844 309 807 729 241 879 356
390 223 97 428 885 377 975 241 885 980
745 237 885 237 270 904 885 885 912 663
191 885 304 237 759 885 381 844 790 917
309 883 407 745 838 384 497 819 270 64
229 15 237 910 783 63 534 61 705 531
237 534 133 966 600 237 64 237 713 668
237 237 237 237 438 237 309 759 291 594
237 791 534 668 759 980 815 700 775 856
428 703 433 885 237 914 237 904 367 525
814 672 885 809 64 638 600 262 577 729
138 538 53 262 561 661 775 525 237 796
982 107 966 144 291 262 456 237 304 304
470 534 144 111 390 736 440 791 914 885
745 322 885 367 642 322 700 241 791 237
390 321 885 777 437 885 814 961 775 226
15 356 144 226 791 15 390 364 270 814
559 914 33 705 377 529 692 790 791 15
367 358 71 941 2 366 226 911 237 322
223 304 503 497 440 718 428 731 428 885
309 419 425 19 790 64 668 422 237 856
390 834 15 790 847 241 596 202 550 155
534 703 791 578 668 155 966 761 850 433
237 967 511 223 470 826 759 237 237 237
223 673 442 417 671 736 243 791 226 859
390 423 163 428 914 241 241 777 322 995
831 322 497 367 413 2 941 195 815 511
390 367 885 705 3 356 486 791 745 775
15 367 202 791 2 97 705 730 966 814
367 258 237 456 885 309 522 729 53 561
668 356 668 183 767 319 497 133 314 228
390 377 856 356 467 914 791 326 759 705
736 176 838 367 893 445 844 430 474 367
545 790 407 775 246 762 0 246 64 176
64 511 237 428 534 259 105 335 775 927
133 396 566 470 133 759 414 759 783 155
982 237 914 566 713 534 214 966 467 759
739 968 248 775 303 117 559 458 885 226
390 931 237 15 885 534 784 791 176 559
831 223 46 476 303 791 304 237 609 192
82 213 237 904 668 3 297 237 64 928
147 530 304 138 211 534 759 435 27 775
223 176 534 885 794 262 520 713 705 322
761 213 668 372 296 693 885 440 403 791
534 237 367 561 791 731 367 607 413 885
375 791 64 396 241 322 479 358 111 237
237 428 885 438 64 159 607 419 885 885
367 653 2 906 874 856 133 736 885 64
159 367 377 219 815 916 262 241 775 237
237 237 440 226 759 144 791 534 761 705
559 428 226 237 534 893 885 296 885 226
748 214 759 668 982 318 390 15 713 885
309 534 322 130 97 440 626 913 367 240
814 672 638 705 982 321 304 713 885 668
304 646 237 138 438 755 64 511 15 731
559 138 476 472 323 239 157 246 859 64
196 182 701 766 15 534 713 433 775 870
309 759 238 903 791 534 644 437 790 668
138 15 108 852 309 136 517 930 83 561
831 516 155 966 559 487 982 790 356 384
237 304 270 176 39 155 191 534 296 226
237 309 159 15 15 759 356 438 356 775
982 213 474 428 885 885 237 931 237 237
759 304 885 176 275 216 567 700 304 6
739 367 52 133 856 966 159 83 772 322
329 269 874 874 844 534 904 15 904 237
834 729 980 814 874 791 759 129 761 759
322 881 291 964 390 700 796 652 172 78
656 812 525 64 438 511 904 202 511 367
894 511 237 428 966 736 113 560 656 155
390 703 304 237 559 15 176 973 883 807
745 433 127 133 870 623 159 117 980 926
423 879 367 657 440 885 534 531 762 791
396 15 304 941 906 885 885 588 435 607
440 133 534 9 367 561 759 745 463 83
351 24 133 176 964 297 791 367 237 554
790 713 254 367 246 980 327 223 497 885
224 885 856 456 885 968 672 713 237 367
788 966 759 885 700 237 511 628 657 534
138 885 237 237 237 904 470 195 237 304
237 814 176 912 2 497 790 456 885 118
191 885 931 15 304 270 904 270 759 159
774 237 270 607 448 147 730 582 966 15
138 714 438 193 980 463 474 628 705 456
729 318 287 304 714 366 372 794 815 985
511 138 356 856 885 668 483 75 914 566
309 657 856 138 981 759 663 849 885 523
739 588 448 180 158 844 878 46 794 367
428 180 238 544 241 648 351 904 791 814
237 578 44 304 215 713 761 64 296 5
982 351 523 356 105 322 772 567 423 75
237 530 176 847 15 628 270 15 777 775
253 612 766 390 270 237 223 628 356 775
237 980 396 270 638 885 856 691 15 421
788 237 700 356 237 885 176 504 856 938
980 831 791 82 729 914 673 775 180 403
390 626 390 745 911 885 775 911 377 318
237 791 138 904 885 511 904 223 223 296
814 899 367 966 219 761 868 296 270 237
759 820 729 668 133 729 3 561 844 237
138 463 885 705 223 893 530 436 885 885
237 138 472 12 759 966 729 785 775 657
193 237 907 759 262 428 761 262 885 894
814 147 516 70 838 838 878 124 916 422
472 223 180 158 807 7 885 534 775 237
390 470 759 556 904 435 885 668 856 356
831 672 184 856 36 177 791 791 237 322
390 745 885 672 237 885 241 367 910 885
428 321 759 233 367 2 473 653 237 367
176 334 906 12 759 563 262 380 791 885
440 885 343 440 266 177 628 596 129 578
705 440 433 775 390 907 815 285 322 852
534 176 504 668 779 395 790 975 689 791
745 559 176 270 691 304 826 237 304 330
600 530 223 327 193 926 193 394 228 665
309 322 467 304 790 356 486 600 791 904
390 885 237 705 874 729 511 304 538 470
791 304 759 705 237 726 742 736 237 868
568 175 270 223 438 999 164 30 223 237
390 237 791 367 511 790 761 223 511 237
237 390 237 966 534 885 885 270 317 122
428 791 759 495 759 175 731 367 375 885
138 237 444 176 628 334 435 559 390 275
456 648 588 111 731 885 999 270 237 904
351 292 366 893 805 656 541 229 501 527
390 241 318 237 176 296 356 237 885 367
237 428 783 425 833 623 81 541 318 396
428 133 237 237 791 176 885 648 426 914
530 237 430 435 885 223 5 874 237 237
237 175 304 556 713 726 237 906 785 870
982 588 238 677 907 708 883 148 923 155
356 885 202 791 367 64 790 648 775 237
527 138 15 396 885 885 304 879 856 223
237 309 605 745 656 561 356 844 237 193
309 834 466 262 53 237 303 534 791 138
559 773 237 304 262 885 523 133 339 237
791 819 229 304 530 367 844 885 657 377
834 628 901 904 931 322 133 390 914 791
322 226 791 138 433 815 906 775 885 729
831 247 158 241 653 53 322 460 159 368
931 831 237 15 731 334 439 29 309 561
187 914 356 311 885 512 791 237 534 527
472 15 428 527 852 628 83 304 814 761
745 175 237 405 136 856 438 367 689 885
759 766 885 885 668 703 759 226 904 81
859 745 885 176 356 158 609 567 985 356
559 689 226 163 428 745 82 596 847 241
791 176 131 759 356 318 885 262 775 297
262 330 831 223 775 813 847 237 304 638
367 467 639 928 2 894 64 291 802 794
237 237 534 729 885 534 638 885 321 885
530 367 437 36 931 783 241 759 729 367
726 812 237 237 885 745 440 356 785 248
66 133 237 237 783 885 942 759 713 196
138 334 261 237 773 428 131 309 155 973
713 249 237 53 775 545 322 847 736 241
309 790 226 237 176 44 885 600 223 433
472 891 52 556 390 911 885 736 304 270
237 885 367 226 428 511 534 175 237 237
117 775 588 407 705 358 237 523 440 133
791 15 814 226 759 374 534 296 237 213
298 705 419 566 511 390 435 791 270 367
298 885 309 705 322 570 814 838 781 19
88 266 237 885 885 885 176 588 726 761
859 885 705 745 53 600 759 237 367 133
15 237 138 396 612 784 237 904 578 910
545 366 924 61 465 321 885 435 791 885
726 559 237 411 885 791 638 304 530 559
390 138 941 155 50 37 304 856 761 885
367 530 440 775 600 322 661 39 639 963
774 356 270 237 5 847 759 435 759 885
237 219 426 304 335 414 223 223 435 237
223 964 713 253 155 368 675 456 906 490
237 275 885 885 885 396 39 572 998 946
520 22 286 847 628 700 3 435 147 237
50 726 851 219 423 474 375 39 670 692
885 155 841 55 226 885 628 902 237 237
367 995 475 53 942 713 729 582 318 759
237 885 966 367 368 775 856 596 367 322
534 237 759 906 783 577 719 607 213 603
223 195 237 777 390 980 309 199 476 980
713 75 966 759 700 390 860 567 980 980
177 705 885 885 367 64 745 852 885 885
207 726 470 56 262 424 237 668 435 759
745 729 870 821 794 48 470 885 396 668
147 237 428 270 237 759 75 435 759 511
237 745 703 423 251 727 12 440 89 129
758 309 847 304 729 831 911 277 61 885
774 356 89 885 411 215 885 381 856 377
559 440 729 609 761 64 874 904 262 101
545 176 214 623 566 867 367 262 193 0
45 904 885 133 64 523 237 175 530 235
726 713 237 885 532 64 600 367 367 534
318 237 646 237 396 435 428 566 367 270
885 782 885 396 685 435 788 600 270 467
390 885 885 885 938 278 904 390 775 885
147 237 885 831 819 428 64 57 966 885
138 223 333 885 367 322 463 534 762 550
739 852 904 270 241 885 326 731 885 237
559 133 759 403 790 729 356 275 761 428
470 237 237 819 64 511 759 5 832 367
237 856 941 607 638 885 885 223 894 322
262 277 885 396 75 623 441 914 367 57
428 428 705 653 638 81 759 577 15 885
559 885 885 768 556 241 791 396 0 904
561 15 304 523 795 665 218 133 428 856
147 791 428 759 833 713 783 291 133 133
15 759 428 980 973 756 138 377 885 304
237 155 928 176 223 602 885 356 356 802
572 777 87 228 276 446 362 211 885 381
343 837 241 304 791 304 703 396 89 668
237 367 226 703 904 656 966 82 9 237
309 672 358 303 885 885 440 561 237 270
791 367 566 931 304 57 428 368 226 914
390 914 428 175 304 296 83 609 966 318
322 668 419 182 997 333 774 628 919 885
138 588 177 713 885 885 885 53 610 657
368 419 127 180 229 791 64 912 775 606
713 237 713 893 57 885 560 226 367 856
967 942 71 885 831 90 904 219 885 609
329 761 797 237 713 470 237 53 885 448
237 791 759 356 12 759 729 226 885 628
428 64 566 759 175 15 731 430 596 673
140 405 924 605 305 304 226 455 237 296
125 566 588 968 783 26 534 237 237 885
107 791 648 366 367 914 791 15 904 885
885 713 668 258 759 48 700 665 490 598
885 237 700 791 421 367 755 417 243 815
159 2 941 470 193 775 237 791 885 885
814 837 138 885 534 405 714 0 731 235
428 775 304 176 675 237 97 292 852 428
377 368 497 639 262 27 844 474 237 428
176 759 15 176 893 638 885 367 296 791
237 223 638 534 582 966 159 775 791 304
472 672 931 745 775 241 759 291 437 730
237 759 941 176 177 237 356 729 729 596
653 534 718 729 223 182 366 851 561 489
729 656 657 759 981 791 966 847 262 237
931 885 566 270 904 731 656 730 729 237
237 202 785 856 456 193 159 262 775 775
390 326 703 729 596 523 729 53 885 885
237 428 731 219 885 304 538 248 117 932
237 367 304 668 53 111 334 832 367 322
440 784 713 759 885 713 761 926 321 885
367 113 427 775 117 131 756 440 758 791
335 785 356 941 912 456 241 237 731 885
390 396 752 303 64 598 885 473 270 195
849 435 428 885 745 761 435 759 930 775
133 237 15 396 899 330 885 885 534 435
129 122 703 885 797 396 409 111 392 213
428 77 270 237 243 791 885 582 367 175
296 133 982 237 791 790 435 885 791 237
237 138 237 237 663 453 600 246 262 639
745 705 911 22 966 199 946 885 262 593
607 323 900 176 855 628 56 620 791 794
472 511 237 223 668 902 534 731 2 56
237 237 304 368 814 534 909 285 856 133
237 82 360 530 673 291 440 356 966 657
138 745 775 322 761 530 5 700 791 609
472 435 534 607 147 356 731 155 791 436
277 705 428 731 296 689 460 718 791 745
390 534 229 745 761 729 534 745 775 303
428 237 396 187 547 322 56 277 623 467
285 237 941 219 304 39 609 367 78 303
703 237 237 237 367 791 627 368 237 237
223 868 759 705 356 775 456 730 237 904
428 534 885 831 435 534 223 689 97 133
367 213 367 322 914 237 396 404 713 700
663 831 566 257 358 794 237 628 476 759
396 2 12 358 237 904 874 904 885 868
138 807 366 26 885 726 534 367 689 814
480 885 534 791 436 628 270 885 508 713
172 309 453 868 791 788 396 131 713 885
138 237 566 759 612 961 660 218 215 791
913 237 176 237 89 885 831 700 237 534
237 421 904 885 530 609 534 885 270 904
144 158 237 815 2 117 980 414 412 5
177 731 237 304 158 356 761 623 332 262
778 434 199 814 635 176 322 470 556 367
309 982 885 237 885 713 966 397 759 241
791 885 777 248 999 893 467 470 814 511
390 409 237 912 713 775 941 440 668 203
367 885 868 237 511 759 226 759 209 608
88 3 550 844 487 25 979 657 628 266
275 15 133 885 409 796 2 838 2 775
237 15 285 356 456 759 147 304 176 885
237 559 367 832 609 356 719 759 223 296
390 791 759 122 628 726 237 237 759 785
322 683 368 814 868 117 450 398 15 628
682 511 237 237 64 368 799 15 435 237
367 856 588 966 476 223 421 396 837 304
428 428 304 318 270 759 705 779 12 15
88 136 98 522 438 305 177 226 237 885
223 885 176 534 941 561 15 745 209 126
367 780 138 885 885 628 470 534 64 885
349 304 672 885 885 657 885 296 559 527
390 428 396 384 607 959 852 223 791 904
237 134 425 425 784 885 967 250 237 534
530 318 237 653 831 979 885 735 241 367
739 534 807 55 775 906 985 92 855 930
266 292 745 345 159 218 430 430 502 964
309 237 367 844 433 530 914 896 396 534
559 237 914 270 237 22 356 914 309 226
713 182 658 304 138 237 628 906 447 175
428 147 237 534 761 728 159 567 367 107
440 543 64 10 15 904 511 627 759 144
392 607 322 291 731 430 487 440 438 1
318 237 941 433 377 56 25 700 582 791
390 229 759 428 566 745 885 731 834 885
101 759 832 176 226 885 322 397 566 53
88 942 237 237 322 612 356 250 367 755
886 237 237 428 885 231 223 885 155 435
322 226 791 367 627 534 435 759 870 277
885 791 237 205 885 370 223 237 759 213
237 176 663 356 218 333 428 628 226 906
144 556 885 982 291 907 904 941 428 426
237 237 759 138 928 411 424 309 511 223
472 966 176 885 668 356 346 303 885 133
729 885 885 588 332 761 241 791 355 775
237 15 318 175 309 607 367 43 566 428
356 367 941 745 607 246 193 133 775 133
428 777 501 158 451 859 472 390 885 237
745 933 237 814 133 237 390 78 761 885
390 237 304 729 304 834 968 213 975 731
728 980 911 980 914 466 367 973 3 428
237 321 270 885 304 133 556 852 237 885
534 847 237 600 726 241 155 927 885 628
559 367 223 745 668 773 534 802 211 791
428 663 339 322 318 898 61 904 133 885
390 726 705 530 653 885 428 885 975 270
561 713 523 51 794 791 628 339 904 213
