876 534 718 117 648 624 980 226 568 609
654 868 238 759 407 255 275 794 816 660
430 646 7 668 785 726 304 367 421 885
456 628 719 644 227 931 673 705 213 176
624 739 775 334 223 322 561 579 299 890
186 440 899 138 729 145 736 885 975 319
309 311 474 700 609 480 296 956 644 627
472 778 71 223 775 367 594 426 602 297
223 108 237 559 530 813 660 318 428 762
831 1 530 534 323 964 266 781 133 595
374 428 472 322 611 463 65 508 860 83
582 739 911 229 973 270 121 161 883 398
665 603 428 814 286 107 237 885 779 616
703 175 296 930 857 773 911 705 556 638
322 812 129 968 491 511 664 364 318 396
801 885 356 599 745 428 919 70 713 885
830 297 305 914 885 266 167 665 729 222
440 436 224 742 814 815 824 166 435 565
831 26 849 322 268 223 975 834 969 342
788 790 367 334 525 904 213 566 46 213
390 223 367 223 144 359 910 761 46 665
758 813 473 246 729 270 672 838 796 493
512 797 582 470 326 351 483 136 534 237
385 332 558 600 270 463 322 479 932 64
822 428 566 356 691 224 285 255 812 816
266 296 385 483 261 942 582 759 782 219
705 390 409 985 2 396 390 117 852 797
131 759 321 794 338 834 53 761 607 705
61 637 129 270 911 719 912 298 681 356
139 628 773 435 237 793 470 530 858 314
693 480 941 398 607 588 133 15 64 5
797 58 480 831 790 224 768 525 213 274
472 582 932 668 944 219 703 904 414 578
131 713 330 714 74 277 290 700 588 144
745 440 428 729 607 428 607 74 252 511
211 951 729 367 146 440 617 202 426 61
43 999 155 131 725 464 144 246 596 270
12 790 724 15 53 147 476 534 980 368
605 713 671 253 814 859 348 639 876 330
351 511 511 127 759 438 463 885 194 423
138 752 656 975 56 885 975 27 783 456
481 473 40 223 534 333 366 175 176 270
762 428 729 227 731 10 668 489 533 117
253 204 229 766 309 914 24 885 874 41
406 444 766 237 398 926 107 904 291 922
57 973 731 774 966 525 376 755 559 844
363 351 321 108 729 775 428 885 89 237
66 366 670 892 761 980 270 911 705 874
682 269 377 361 237 885 440 819 458 219
980 483 428 438 719 309 930 703 392 818
775 581 791 904 82 92 534 428 356 713
849 133 644 644 330 672 368 285 816 674
71 878 511 361 176 907 412 164 759 874
786 406 111 503 723 812 759 124 197 530
62 784 287 831 444 705 82 547 856 729
788 259 874 22 429 847 623 136 476 78
335 639 317 700 342 332 429 367 834 519
292 842 797 129 773 609 762 356 700 759
966 95 559 70 454 158 663 856 612 176
587 914 433 566 330 893 660 726 26 92
851 806 238 731 691 728 256 879 759 612
366 868 262 472 691 371 807 367 214 241
15 713 762 296 414 791 574 638 304 511
262 233 291 74 844 610 237 790 666 309
733 885 246 790 511 576 961 344 741 505
819 78 836 473 22 22 440 194 511 904
730 86 224 64 182 519 982 980 144 883
648 443 966 919 729 470 671 956 844 309
177 703 904 1 874 713 713 608 777 262
581 885 745 428 226 430 967 22 559 417
902 730 111 237 61 107 703 869 213 775
440 837 694 474 430 831 612 381 230 111
304 224 713 735 781 241 440 39 334 115
61 96 783 428 609 88 384 117 109 677
840 904 533 660 467 375 670 226 810 417
237 95 226 661 196 865 291 550 596 270
356 187 509 82 544 734 437 64 463 5
745 329 757 930 334 237 534 303 155 81
806 304 351 932 155 400 672 559 530 735
995 966 665 3 83 193 629 159 938 885
110 700 237 940 845 664 333 177 932 893
88 713 609 759 582 456 904 745 226 779
757 978 318 157 318 440 609 105 164 663
973 318 763 117 847 904 731 229 213 885
440 814 928 815 191 322 426 677 356 133
932 458 337 759 86 532 922 55 791 783
966 285 912 89 489 511 371 455 505 235
416 980 483 414 774 593 559 101 530 164
833 745 262 524 650 932 527 304 322 885
856 784 71 473 333 275 856 653 117 566
2 689 784 438 790 561 847 791 340 428
914 222 318 675 783 367 556 455 941 849
374 801 437 980 705 783 912 24 914 910
71 745 995 143 628 834 322 588 667 609
293 715 512 161 911 993 238 368 303 712
390 831 351 689 237 226 777 207 946 904
149 814 188 9 223 849 296 501 534 516
530 64 374 904 820 534 964 0 244 454
318 455 241 191 400 856 527 589 322 794
812 795 639 914 291 578 1 127 74 322
226 815 275 928 456 937 255 428 466 902
928 568 731 638 966 511 904 748 270 726
237 790 856 612 241 838 566 788 131 138
735 570 429 807 885 621 356 248 53 713
487 71 911 455 750 547 269 705 57 57
303 78 834 967 831 333 700 731 428 777
27 89 237 155 225 277 2 980 127 885
561 428 966 10 873 64 534 226 844 211
759 396 625 859 438 609 620 534 930 367
666 26 147 581 912 534 703 525 101 731
745 672 559 561 729 703 904 985 885 931
309 297 620 773 773 782 904 309 176 979
297 299 111 237 318 490 51 745 474 479
367 254 527 696 729 642 476 656 942 731
237 837 223 133 525 566 759 256 458 628
356 673 444 173 628 107 527 904 945 885
472 831 321 885 578 981 89 586 653 885
705 582 178 534 243 173 398 759 730 125
262 775 0 322 34 703 64 203 312 226
329 11 566 223 213 912 703 904 985 818
57 131 545 517 291 99 562 133 813 559
177 366 75 541 396 78 202 656 367 155
759 176 15 731 941 790 759 2 164 133
141 972 323 920 270 64 359 309 689 731
187 304 409 759 638 421 904 2 285 537
488 942 791 287 628 75 213 761 980 885
480 785 26 729 755 403 333 815 318 538
983 705 35 756 356 223 222 435 885 177
440 246 176 625 147 417 78 860 53 244
799 759 223 978 566 396 470 527 957 500
97 834 856 547 359 914 298 71 856 41
305 294 670 179 51 428 980 642 703 885
440 172 321 213 750 376 543 61 745 440
318 579 104 668 797 356 372 180 759 271
852 241 893 532 966 189 367 784 53 834
996 213 223 696 68 131 860 237 912 966
145 255 885 885 628 367 649 524 133 6
893 237 774 880 145 609 525 904 700 138
588 609 885 428 729 739 761 505 468 703
305 9 476 211 467 648 133 649 868 812
58 834 885 309 322 101 812 291 308 962
759 304 545 624 155 914 795 768 182 208
809 155 607 705 963 83 505 237 777 998
309 726 293 673 155 750 534 367 8 833
182 868 611 390 831 266 547 309 814 222
795 504 920 458 705 413 237 63 53 133
427 367 435 904 940 184 169 713 177 224
588 440 759 12 309 898 856 729 729 276
656 180 448 262 297 719 318 127 367 530
503 689 158 630 593 885 742 467 197 503
177 177 904 659 277 54 428 176 705 258
759 351 179 256 703 821 815 182 335 255
885 925 237 612 48 61 285 83 691 246
668 48 395 739 885 989 270 652 927 304
856 77 262 967 177 435 456 928 456 129
899 626 785 966 914 171 64 381 230 277
843 633 996 129 856 582 237 777 147 938
309 367 877 194 768 243 277 355 562 44
266 534 547 916 525 328 639 525 368 922
522 175 540 705 628 229 964 367 612 729
313 252 176 788 668 436 596 534 428 270
480 163 366 642 885 756 322 577 144 474
138 838 773 548 653 321 82 356 853 298
381 533 438 579 993 505 795 596 566 322
29 850 924 235 730 559 640 705 600 270
318 625 56 409 589 439 717 256 759 356
329 705 144 390 23 199 628 761 223 296
237 77 77 27 964 668 517 675 435 796
673 100 813 296 133 50 321 207 759 966
297 834 804 386 559 926 668 559 298 766
182 773 612 304 155 742 222 117 759 663
343 715 664 813 930 938 762 367 419 973
534 199 138 270 237 95 566 981 232 995
470 74 322 27 742 932 312 885 237 774
672 360 430 2 714 56 356 277 67 781
826 428 729 796 628 821 175 668 927 534
934 241 791 591 224 117 834 455 117 600
470 815 516 511 108 144 813 133 941 534
375 175 766 534 213 755 304 766 304 559
226 304 52 275 853 144 131 117 133 180
224 914 759 558 534 292 745 516 422 957
298 393 533 790 837 229 612 911 540 237
177 790 852 703 442 850 782 393 675 759
790 450 22 53 237 209 472 790 703 304
164 147 458 931 304 322 980 964 367 374
857 851 850 256 291 383 966 200 230 433
646 600 759 912 791 150 698 729 755 396
700 885 759 330 246 318 177 258 138 277
428 214 713 745 436 495 232 561 438 885
561 639 64 334 930 859 250 237 52 885
925 834 613 976 356 322 88 230 723 270
111 430 847 0 600 506 322 487 837 297
322 226 237 520 638 414 560 83 574 796
535 79 74 975 582 285 5 342 571 252
332 961 856 209 847 10 368 83 729 237
390 838 663 158 47 788 78 534 538 387
176 630 766 158 950 613 23 369 237 241
159 127 666 154 731 812 56 510 199 9
356 511 534 810 147 37 428 405 609 834
568 605 653 505 791 559 739 219 958 762
321 814 356 190 923 462 874 713 745 436
559 267 912 330 237 668 133 923 812 792
759 178 656 815 879 599 211 628 502 582
831 435 885 82 323 980 931 945 270 731
309 348 45 71 923 213 213 368 668 609
262 82 262 652 966 761 223 856 966 61
869 505 919 435 648 211 931 82 137 966
831 50 226 904 307 370 537 536 665 145
437 304 663 444 786 261 914 578 759 1
367 854 904 71 419 398 91 271 176 63
577 982 689 534 133 594 570 605 198 52
367 277 131 367 390 83 254 847 436 516
968 198 745 620 775 216 291 731 15 176
511 644 321 745 596 377 859 285 831 552
211 559 575 172 859 713 462 19 626 714
852 885 309 885 536 527 133 396 907 423
660 213 509 412 237 756 82 71 255 390
237 248 794 39 534 474 270 176 458 22
456 911 178 527 759 775 668 274 874 117
759 372 531 416 367 419 576 467 56 814
390 150 223 333 0 942 914 368 56 885
309 745 729 258 237 366 117 75 342 794
126 458 83 890 877 930 254 393 712 731
619 356 70 134 838 262 226 928 230 834
270 729 693 704 547 367 176 155 796 713
581 237 885 64 127 833 985 834 164 561
285 204 453 836 54 604 201 3 932 932
457 566 818 759 298 239 222 847 271 675
232 351 600 453 296 919 833 223 919 5
170 456 628 756 458 654 226 831 796 271
551 644 815 237 304 444 931 712 885 538
237 22 423 726 815 927 111 262 309 455
788 761 133 999 155 966 107 223 291 24
826 538 495 593 823 612 367 8 516 666
39 131 627 776 926 237 107 270 176 881
847 176 968 731 535 606 926 904 421 698
653 151 375 15 534 77 133 140 105 472
488 596 562 170 334 23 561 22 794 194
133 223 705 923 270 739 46 668 849 609
745 826 858 435 367 311 43 945 140 64
828 587 587 588 285 928 368 343 56 443
856 436 759 249 775 433 838 64 714 456
235 237 281 790 455 159 63 894 169 39
823 759 957 16 961 97 428 82 914 64
167 693 437 428 814 858 516 819 672 90
187 176 714 911 885 98 523 560 856 962
666 202 684 410 366 262 476 262 816 46
898 906 215 10 489 874 455 666 271 227
111 64 416 745 836 393 868 914 262 423
696 476 996 97 146 534 435 942 582 885
138 996 237 532 248 837 439 105 730 759
377 470 223 275 739 531 440 832 107 61
832 966 64 199 790 238 760 224 775 566
5 918 511 560 538 640 430 999 870 12
726 224 966 92 657 893 176 856 759 570
998 775 396 527 396 726 812 554 729 32
390 56 56 319 367 700 304 333 212 356
356 298 16 154 952 322 885 991 457 197
237 598 223 985 56 438 368 333 371 885
168 182 598 48 926 545 356 905 356 695
33 376 219 822 243 34 275 141 117 594
814 202 396 226 742 941 235 831 476 133
639 773 179 410 794 171 779 519 885 244
377 856 709 656 175 931 522 541 729 359
788 175 428 931 623 112 278 322 750 444
720 15 64 358 296 637 914 322 968 271
133 816 318 22 761 964 420 852 904 904
311 82 502 511 129 791 775 885 161 677
241 12 547 938 685 342 317 20 377 368
708 438 50 321 713 791 304 244 911 824
367 390 705 258 826 869 304 796 941 527
180 834 321 158 685 298 74 711 745 559
831 89 199 413 193 784 874 9 133 513
138 534 367 166 729 473 806 453 630 910
819 487 775 912 155 489 237 465 904 155
411 43 512 463 785 39 64 801 430 15
262 653 433 913 117 472 600 356 435 404
291 209 814 24 477 259 945 155 885 16
482 237 938 639 129 474 783 595 628 556
775 237 824 377 203 928 407 626 791 0
537 759 774 722 910 121 323 77 150 464
154 705 474 138 775 237 322 0 300 29
588 142 930 823 5 885 885 689 394 713
866 177 133 246 902 758 932 63 237 414
791 390 428 684 719 814 138 982 667 885
237 902 454 885 600 270 791 133 739 64
582 977 155 214 112 395 147 759 72 120
390 985 367 428 694 511 666 759 155 237
664 568 208 914 872 415 213 427 607 852
827 716 187 751 367 297 133 390 292 842
107 536 421 914 775 669 885 734 155 505
541 745 600 921 257 759 766 530 304 729
309 113 790 826 568 714 874 453 679 237
226 904 141 444 847 190 371 345 963 213
64 703 182 428 653 908 566 147 159 797
691 831 914 26 428 327 180 517 345 972
175 985 898 367 736 729 705 994 318 368
559 2 534 657 881 985 262 422 240 453
296 572 264 155 428 223 194 944 92 476
797 805 108 942 582 131 759 138 258 336
329 213 456 719 237 181 435 199 775 885
175 297 847 717 438 138 182 221 127 187
484 885 759 790 50 249 930 323 907 998
561 729 255 36 63 117 370 885 742 470
800 959 612 224 729 244 821 187 133 762
982 226 276 759 856 832 394 411 312 972
304 226 321 370 335 692 759 566 24 63
759 226 89 703 199 334 6 335 791 291
15 64 219 271 922 815 721 377 15 904
784 458 705 828 258 759 874 879 428 670
656 335 117 741 885 262 908 581 941 638
774 790 262 672 512 64 994 501 286 745
931 705 963 223 670 814 756 632 800 932
646 363 329 127 832 366 713 374 396 924
74 588 259 902 739 237 704 790 559 563
556 577 527 188 47 476 644 193 413 730
305 980 885 532 304 256 914 759 663 643
288 928 23 428 237 318 117 356 830 351
597 12 609 457 567 11 334 472 213 166
355 544 440 304 665 752 907 527 812 79
639 237 512 237 832 998 322 162 64 885
847 307 745 885 270 726 131 33 844 102
736 64 766 133 455 966 638 304 885 309
111 775 657 258 781 237 452 852 64 639
509 131 821 795 190 322 298 351 329 435
860 980 362 367 821 815 295 254 504 530
74 74 705 143 429 368 906 527 904 856
82 417 390 428 863 293 751 155 596 182
219 612 791 904 53 334 274 374 885 131
816 327 968 963 879 155 176 230 561 672
272 703 856 243 440 213 525 940 713 885
472 549 844 332 511 304 566 356 794 411
390 15 795 0 759 288 326 64 885 844
311 309 144 397 964 791 885 698 668 559
598 151 728 343 759 612 757 813 333 175
713 224 668 229 566 713 745 759 117 334
860 839 410 534 653 367 931 409 728 334
479 5 907 9 367 985 334 371 534 1
639 229 654 675 911 783 600 906 440 159
527 759 164 138 396 739 623 982 209 68
698 271 117 85 930 562 985 367 966 2
209 612 664 376 828 262 605 534 941 403
941 657 322 876 814 847 131 559 781 759
511 968 967 296 700 144 64 775 966 926
48 396 600 644 795 43 163 223 924 492
275 648 930 397 702 664 668 244 304 4
530 82 914 15 940 409 172 736 459 853
107 210 731 534 621 588 318 249 213 885
262 834 0 83 759 269 980 213 588 235
296 474 235 237 844 200 459 285 352 64
712 398 912 944 367 324 456 904 147 985
367 208 419 715 791 15 433 74 330 138
714 390 364 138 359 83 309 963 791 138
214 237 456 199 470 768 117 609 410 731
870 125 598 456 582 911 414 172 140 390
385 270 474 734 381 81 422 794 295 133
217 609 367 160 475 896 852 755 34 206
390 509 759 531 627 831 266 356 976 159
374 653 962 176 885 64 822 223 748 222
154 986 428 270 728 457 812 575 237 795
321 98 870 693 926 530 290 726 133 285
176 729 759 805 534 230 639 58 658 474
803 917 534 285 711 12 919 874 841 322
356 409 9 244 175 83 885 105 25 234
224 3 758 893 852 575 461 530 628 889
689 534 448 226 596 745 330 726 534 572
222 926 237 78 99 226 897 885 396 837
237 411 852 914 291 551 968 668 726 731
29 322 784 78 483 335 270 330 527 175
343 323 176 13 656 456 258 903 356 193
327 562 176 254 440 108 855 775 226 366
768 223 377 660 367 433 61 715 243 309
214 356 926 237 83 966 248 450 518 979
83 713 423 127 275 359 138 713 847 671
64 582 298 547 879 904 530 928 213 605
775 874 176 176 653 904 176 433 874 904
13 377 176 790 668 726 904 49 423 176
600 647 182 885 398 600 607 562 1 964
428 419 364 516 969 304 359 470 363 375
726 538 17 606 194 821 237 309 176 82
375 693 99 762 794 343 906 277 390 844
775 941 738 82 661 691 638 428 705 885
15 553 794 591 243 691 773 885 256 759
878 743 561 868 367 322 814 275 237 304
745 133 705 9 32 124 288 559 866 323
237 176 574 985 96 258 322 367 5 705
247 657 79 187 140 375 654 41 223 144
554 656 623 745 296 147 15 1 940 705
559 607 814 785 255 10 261 762 621 226
435 532 89 919 366 776 218 904 713 124
159 463 628 195 56 327 457 612 982 64
689 700 821 792 176 734 703 53 723 797
15 842 957 775 885 131 322 291 78 256
64 12 356 745 240 668 559 176 766 791
367 428 428 433 117 293 794 638 585 292
756 297 392 244 318 321 973 599 291 814
705 0 691 826 297 467 904 791 79 322
664 906 246 71 6 906 10 480 323 428
428 588 593 237 847 904 713 745 437 978
237 285 176 68 693 83 832 266 306 304
428 578 285 867 129 303 358 623 561 630
138 138 856 885 74 322 783 912 761 176
756 867 885 734 792 304 968 693 664 762
539 505 22 648 582 885 856 756 156 31
390 759 814 64 440 433 653 472 367 600
775 756 428 291 511 904 177 714 225 345
726 293 430 966 288 705 437 690 304 490
849 792 194 111 185 795 304 745 390 297
797 390 726 182 847 396 666 814 430 356
630 719 967 8 919 773 237 291 821 728
423 237 545 63 657 127 181 791 907 175
440 456 741 235 657 796 261 488 211 609
329 75 133 161 770 527 759 665 309 22
226 237 24 910 904 409 397 904 775 996
784 488 639 728 436 364 430 877 138 309
773 530 321 894 773 547 911 916 304 127
309 9 291 197 759 664 131 304 788 578
318 775 662 226 237 566 321 43 668 775
433 147 705 513 657 926 437 663 147 670
703 82 57 534 1 935 705 433 703 727
332 164 82 470 111 662 322 336 213 109
860 115 177 133 176 88 6 534 506 0
193 277 144 281 790 237 223 21 744 226
262 516 129 834 333 914 410 844 117 775
51 796 415 411 701 25 979 713 213 237
377 832 375 476 705 856 951 472 582 309
5 745 224 751 531 297 257 224 444 396
409 470 83 959 902 527 596 713 39 745
551 127 841 438 821 6 368 606 340 237
621 2 571 176 370 609 112 129 322 995
66 808 207 64 550 790 874 519 561 98
578 968 534 64 588 61 796 700 53 75
193 390 844 226 153 713 539 222 898 731
639 874 293 791 538 904 366 377 304 209
475 124 470 64 105 885 474 269 885 138
566 885 608 390 657 857 761 251 885 726
307 561 814 108 821 53 9 937 856 904
755 100 556 566 377 414 600 807 534 567
852 64 766 759 371 744 383 476 237 177
237 221 970 657 64 791 175 984 368 914
928 729 448 723 783 455 891 64 350 850
215 359 705 322 745 479 450 930 48 838
5 127 394 797 967 511 413 176 628 885
237 530 318 304 237 559 117 612 640 667
783 155 912 155 223 223 194 523 428 833
885 723 534 319 82 438 791 623 745 717
759 941 271 790 39 412 237 318 792 39
309 683 914 59 12 23 963 837 982 89
448 203 377 946 235 966 97 918 454 63
726 237 63 55 366 541 968 464 246 22
390 255 28 511 930 863 593 941 342 607
621 270 91 2 305 563 926 620 581 796
812 999 936 833 303 127 390 779 885 367
16 168 164 174 869 424 904 791 713 745
538 963 607 609 703 428 82 690 426 5
797 304 262 427 237 249 295 366 511 82
991 538 358 249 304 231 998 700 270 438
923 133 668 470 561 237 549 600 815 983
104 453 463 794 902 530 237 298 689 672
663 823 92 847 639 885 689 253 559 23
117 455 83 980 936 197 559 335 244 599
621 895 353 64 892 912 270 729 941 675
63 356 454 849 147 299 525 196 255 64
530 89 957 473 252 237 856 323 232 817
530 709 355 522 304 105 914 456 547 540
561 124 309 834 200 700 476 536 166 802
377 213 155 9 831 729 849 534 398 941
254 262 370 849 567 473 237 638 386 745
745 914 578 147 409 229 511 885 961 832
241 985 367 682 351 329 538 561 438 527
600 656 88 856 224 483 559 209 649 226
176 670 254 6 534 342 534 2 319 931
430 202 223 729 653 55 931 270 797 628
209 4 913 296 570 569 181 111 309 211
97 323 155 566 638 911 88 309 561 89
509 126 318 989 71 966 342 356 107 27
470 628 578 43 663 559 790 390 395 55
214 0 309 719 318 421 677 624 623 914
470 947 358 275 10 868 837 440 390 760
942 692 70 309 395 15 759 947 879 627
978 209 893 176 467 190 611 731 237 396
775 538 112 821 372 159 330 474 630 868
311 745 923 646 15 133 709 221 444 68
961 270 644 356 797 961 39 430 791 421
499 292 138 609 508 760 291 581 527 627
133 223 854 775 229 572 611 761 244 914
219 567 270 82 56 342 525 309 413 6
356 202 476 356 981 436 532 225 131 879
529 354 511 261 39 266 783 470 966 117
450 834 345 428 566 759 470 831 523 930
261 885 309 609 78 159 237 262 872 465
594 996 204 439 559 923 117 297 286 322
309 101 329 607 522 208 896 775 783 913
653 6 403 368 852 791 356 367 980 911
499 237 534 159 191 818 367 477 276 181
894 476 367 693 157 129 0 856 360 604
428 761 428 897 761 243 691 760 195 430
131 819 582 931 715 282 367 15 304 432
826 690 71 309 65 940 140 734 917 628
980 383 759 416 243 133 575 368 375 7
15 237 176 153 435 904 838 254 405 581
138 394 280 582 914 926 356 607 841 600
661 705 989 356 700 910 64 784 561 472
403 248 39 893 370 639 87 490 351 71
191 479 26 945 208 821 83 368 176 745
885 829 244 368 885 941 309 411 176 428
107 147 138 852 304 566 794 368 715 932
859 731 639 815 759 698 182 285 472 97
672 390 541 243 370 15 691 668 127 775
511 176 155 726 904 270 64 705 914 262
296 931 78 834 216 487 440 539 89 254
318 623 885 334 297 167 27 131 782 895
735 659 322 117 124 159 48 115 261 450
64 155 304 516 964 351 396 88 642 245
296 213 836 397 560 879 56 297 856 814
745 147 985 84 559 600 525 254 636 191
406 64 612 430 381 838 133 932 303 729
834 783 237 202 821 566 527 831 124 298
237 520 194 356 656 105 309 89 759 285
561 775 304 653 133 235 713 577 844 82
781 530 39 327 534 435 790 237 307 540
88 296 980 946 791 437 473 278 703 904
121 847 951 759 938 834 668 754 726 759
56 905 578 643 672 171 448 83 235 467
64 791 885 443 605 213 821 815 531 238
111 582 375 770 814 226 932 483 470 65
15 703 304 501 761 729 171 759 342 569
566 527 831 888 384 812 213 229 885 813
224 623 158 367 133 113 989 868 396 479
960 980 192 904 22 570 966 248 15 131
499 519 440 409 556 214 668 427 83 409
138 814 505 586 847 904 421 791 859 821
307 194 859 428 240 428 262 863 632 775
511 596 144 971 151 248 158 718 136 443
22 268 293 45 131 356 180 725 837 83
83 32 731 727 182 639 128 910 634 133
16 223 152 534 618 647 650 398 242 403
885 141 966 824 204 940 409 973 209 64
318 745 229 417 228 415 433 784 428 786
881 208 607 972 105 453 863 440 534 71
430 729 416 728 12 531 39 868 608 620
527 877 851 938 666 78 342 339 595 691
442 356 928 534 427 732 329 280 237 463
39 97 305 791 430 844 999 885 175 149
530 490 653 64 554 421 270 682 64 237
138 476 653 133 368 469 175 987 784 211
735 577 441 479 791 743 902 561 914 186
826 994 367 653 941 791 904 275 874 237
6 654 435 890 88 885 654 176 6 179
189 579 367 1 337 700 238 438 582 893
298 534 394 154 873 635 966 713 237 966
390 428 138 290 7 5 25 668 497 837
214 755 476 237 159 144 868 903 247 511
759 176 662 409 385 815 447 474 759 467
745 473 561 644 759 226 133 450 668 559
48 356 617 559 296 851 564 980 922 353
428 368 758 534 199 626 530 296 108 68
470 668 595 623 470 311 668 573 837 453
511 759 237 223 223 270 318 722 545 744
606 124 561 109 20 154 0 46 237 176
517 26 55 356 844 609 536 296 304 436
168 588 85 258 844 175 51 785 345 117
309 13 187 43 356 885 155 262 713 5
759 589 821 351 237 530 495 961 351 759
805 505 175 92 637 226 275 15 904 925
390 685 740 22 305 409 27 868 39 200
950 64 838 133 246 885 448 392 36 237
8 853 243 15 638 761 788 838 421 57
540 180 957 975 773 530 164 885 112 322
848 999 656 714 51 821 907 815 942 470
175 297 838 133 756 696 838 214 865 703
856 768 138 713 556 372 117 833 22 304
539 277 567 995 67 759 844 211 559 449
440 648 490 714 773 77 442 506 390 223
470 396 470 117 241 902 368 939 367 304
729 775 936 907 213 822 176 117 834 129
237 171 578 77 367 237 885 582 924 672
202 653 270 82 356 847 535 52 668 852
556 293 941 904 824 968 433 349 759 885
530 117 609 506 865 980 534 189 966 61
15 654 598 133 176 49 26 30 333 794
367 433 495 600 164 237 795 664 226 993
64 994 982 445 432 485 609 625 330 734
607 814 15 270 703 559 926 885 367 95
689 878 158 648 456 16 2 281 898 396
202 219 367 237 596 237 192 628 324 914
788 2 792 428 64 209 358 92 64 534
88 180 782 127 705 885 773 285 801 527
211 647 175 138 237 115 135 648 377 315
367 465 440 223 243 674 744 559 790 349
111 632 178 534 444 7 759 750 761 277
533 89 543 380 616 270 820 600 705 609
797 322 78 639 311 974 759 784 501 531
178 902 638 22 981 88 742 982 291 964
656 343 81 227 593 631 693 729 775 398
759 719 657 39 177 30 600 696 522 970
164 544 374 697 631 989 306 6 647 904
709 419 378 735 144 377 685 844 57 133
298 828 222 435 931 745 648 321 923 175
834 726 103 344 180 372 792 729 428 433
5 396 321 197 178 182 121 164 262 107
670 155 117 645 421 244 759 899 506 486
929 501 859 713 351 129 318 330 213 814
665 785 251 394 837 689 834 541 374 914
666 980 138 82 428 662 278 239 229 430
608 791 484 814 838 728 176 900 791 22
304 435 968 407 121 621 906 609 885 294
133 147 759 175 831 607 223 237 838 643
371 973 792 607 243 64 979 703 775 375
134 834 138 428 270 534 791 791 791 904
527 794 766 15 815 859 731 145 696 322
309 366 541 470 904 463 330 941 790 527
237 982 713 538 13 927 451 794 304 435
823 255 262 603 61 383 914 812 198 796
27 377 904 223 122 223 534 292 199 262
366 598 144 672 982 638 657 304 785 623
480 612 71 531 15 638 906 182 1 470
909 380 790 426 355 309 368 503 331 490
978 488 395 164 815 957 689 705 229 450
329 367 440 55 377 628 698 381 396 681
90 437 966 298 439 705 238 15 625 691
440 213 176 237 882 703 904 304 155 61
421 814 235 794 223 627 401 270 226 628
717 8 318 14 241 71 237 237 657 673
322 202 354 700 129 416 241 755 906 833
759 74 806 623 837 238 206 127 360 850
144 637 456 178 281 2 486 885 731 0
428 856 705 938 390 76 878 363 696 105
350 831 342 193 711 497 609 207 64 12
957 609 783 9 691 952 223 244 705 539
241 530 668 559 844 554 133 304 894 53
463 224 123 367 556 941 703 275 797 742
561 413 156 111 105 444 668 775 197 554
509 895 859 83 717 791 605 957 117 127
359 527 713 784 942 428 426 424 155 731
862 711 782 367 819 127 928 332 383 538
834 280 591 437 620 396 623 459 564 557
96 411 172 447 239 860 368 885 9 473
718 759 216 176 155 731 377 928 831 942
293 313 99 163 368 991 790 238 56 906
729 814 71 455 33 309 278 409 940 609
24 559 226 107 791 742 144 437 762 229
657 358 133 176 759 507 668 730 574 321
423 534 178 750 885 433 964 5 476 868
480 237 627 232 222 150 847 932 921 885
428 885 803 856 914 761 885 807 367 885
726 223 1 85 834 728 700 885 296 761
450 224 256 759 89 685 490 164 428 626
229 78 600 270 139 731 90 596 213 292
729 781 895 931 801 516 96 355 794 582
194 246 309 560 695 107 456 623 955 885
791 419 365 244 856 730 654 176 259 411
700 309 668 183 729 89 536 27 609 353
527 224 241 985 158 144 367 414 624 155
729 433 645 759 417 609 213 594 814 271
931 761 834 463 322 195 330 223 223 71
517 567 791 766 378 773 966 190 926 623
64 524 193 262 914 813 885 175 709 504
409 870 216 779 745 356 11 329 689 216
285 356 906 82 311 296 472 398 833 668
502 321 914 784 789 83 237 904 262 147
237 303 2 775 665 472 298 762 277 550
885 700 762 885 909 9 133 450 377 147
322 213 155 294 731 428 775 16 435 129
280 813 322 304 612 791 6 968 607 150
784 504 139 180 771 367 817 155 0 318
608 323 224 258 237 137 893 982 656 534
588 237 761 241 177 411 874 657 495 499
831 572 4 864 296 931 700 784 814 806
138 537 926 638 117 396 640 566 567 705
696 729 367 16 858 368 421 560 68 561
626 254 927 472 304 714 15 831 53 885
15 56 853 980 998 713 885 158 747 349
729 980 778 440 885 367 703 166 131 797
630 530 75 527 904 298 722 538 229 219
222 241 390 368 868 238 561 705 726 226
814 999 281 972 356 129 182 922 779 791
78 318 83 297 856 440 433 628 852 425
311 25 927 158 790 322 501 791 272 74
966 998 723 155 891 322 559 175 117 305
224 941 789 455 904 700 731 928 163 545
24 621 258 831 530 840 433 237 783 550
138 784 438 612 693 729 870 777 608 711
61 51 368 177 181 1 149 29 330 980
530 270 428 390 534 292 511 192 527 9
88 291 907 470 470 475 161 237 668 566
502 291 609 975 930 851 200 314 534 223
82 872 759 844 472 530 278 691 375 556
147 463 359 757 766 223 813 759 868 164
237 444 371 703 904 534 911 277 941 731
267 217 814 356 330 225 885 859 713 429
241 759 968 428 57 941 874 57 689 465
729 554 921 328 237 129 628 885 208 816
27 600 262 131 297 335 759 464 628 298
926 607 147 791 83 628 885 797 480 296
371 285 117 472 80 497 668 71 814 438
411 904 371 703 296 304 99 791 832 629
784 307 117 237 303 935 28 813 766 169
578 138 433 700 291 50 856 758 176 296
479 453 241 985 468 472 296 719 564 129
147 409 226 904 304 209 246 796 777 847
801 705 531 259 127 607 100 270 64 547
479 511 691 330 254 30 295 904 517 759
61 390 511 870 64 960 199 928 731 39
748 668 82 226 775 879 421 566 561 262
556 88 235 435 394 588 756 979 133 257
530 885 182 582 856 797 191 74 961 589
414 121 683 527 275 727 859 398 973 497
530 907 322 602 638 914 912 579 931 559
322 885 656 885 155 223 223 432 588 700
390 30 8 262 973 126 370 311 318 304
237 465 926 672 397 866 985 762 155 237
559 784 318 534 600 500 471 223 449 133
322 176 904 243 531 33 223 761 117 261
249 786 714 226 467 129 910 170 913 822
566 127 454 878 107 527 967 291 17 594
600 89 411 937 904 705 367 985 611 121
973 885 367 270 240 990 237 304 2 266
908 155 796 600 438 277 966 545 609 286
88 224 298 390 226 83 931 980 609 269
511 648 507 241 120 664 397 628 358 844
226 129 467 609 386 523 438 87 559 149
531 64 515 547 354 802 736 981 326 149
729 270 578 874 559 52 796 437 731 133
497 920 8 133 928 712 550 274 207 759
714 790 367 237 440 262 186 912 623 788
729 428 536 214 377 196 967 323 511 966
480 644 56 847 416 745 724 311 428 270
941 784 980 782 133 898 844 576 74 745
31 415 293 759 756 611 269 874 511 904
885 775 847 831 968 12 786 759 713 175
404 989 180 727 792 176 739 367 653 237
423 241 138 677 729 187 791 396 309 728
270 912 729 367 705 155 285 660 612 966
106 193 412 56 270 237 215 396 127 726
596 628 299 784 159 154 911 628 561 609
164 827 904 83 237 540 154 775 304 5
159 729 144 394 653 668 133 232 411 281
191 394 635 326 309 554 332 256 303 191
838 237 762 430 104 309 322 764 736 874
743 297 860 534 319 901 547 856 343 587
147 860 856 353 925 322 968 790 367 791
430 559 278 534 736 309 92 731 133 230
237 171 670 775 841 330 758 600 550 847
457 982 64 705 661 82 159 912 550 117
237 865 270 831 644 403 908 248 83 758
823 111 237 985 304 841 608 653 831 317
812 511 885 241 762 484 270 437 322 446
869 9 705 729 321 560 775 437 744 916
785 770 533 9 367 304 435 783 164 865
700 372 311 133 669 237 668 852 973 867
745 530 844 459 593 623 668 847 847 229
262 224 966 83 512 424 703 941 318 850
39 229 125 770 534 9 183 409 791 731
12 476 759 963 512 138 85 396 982 480
172 756 309 734 166 928 237 831 653 903
982 95 723 396 791 904 964 255 788 278
588 607 366 117 519 0 511 304 807 726
105 795 985 926 525 759 155 223 82 525
296 266 110 436 885 745 82 297 529 561
790 745 847 271 133 190 668 309 668 839
980 923 493 486 911 623 668 364 873 291
436 918 689 15 396 157 99 1 534 791
980 891 813 243 399 321 546 264 696 15
796 3 172 815 296 559 322 117 420 6
15 237 48 511 430 791 904 428 731 973
963 868 852 672 530 356 176 433 759 82
428 703 623 436 64 759 970 272 821 729
433 961 15 941 941 951 190 759 296 796
229 801 901 472 96 111 511 623 322 745
17 980 714 891 262 367 359 224 534 813
892 237 559 789 96 490 691 133 125 801
296 745 840 97 133 686 593 299 356 856
982 259 229 460 237 831 566 330 472 301
428 422 807 176 663 839 237 484 966 356
237 758 241 381 311 367 419 398 277 275
833 226 904 367 566 259 668 596 467 304
705 791 472 877 175 144 968 367 254 705
393 511 474 235 147 410 450 50 147 967
976 107 926 638 700 237 322 888 531 223
538 476 685 967 117 759 370 761 262 963
818 65 483 220 966 378 723 791 791 856
851 404 653 604 967 575 277 834 293 198
840 807 16 885 237 298 405 438 860 345
428 424 80 908 305 226 904 680 870 426
15 223 133 472 223 439 182 795 600 463
147 166 833 397 763 637 100 782 133 51
58 810 598 131 560 759 92 318 623 530
322 863 673 609 440 849 847 941 474 893
556 713 535 745 330 82 980 709 885 668
926 476 532 700 241 466 703 577 341 263
729 698 44 819 250 791 786 425 533 759
413 705 296 636 476 911 873 832 532 304
793 291 305 213 885 936 356 836 366 885
39 428 566 759 77 869 600 815 309 499
367 254 675 155 885 923 237 731 298 750
578 755 811 241 439 421 101 155 745 223
856 775 456 473 298 623 925 642 425 994
407 30 691 390 55 557 144 322 858 335
499 489 885 51 117 627 113 955 881 237
44 522 474 761 138 368 596 121 777 202
414 321 341 888 561 356 660 11 297 559
739 237 885 512 309 726 107 88 606 639
132 476 815 534 255 9 559 470 904 435
833 806 932 428 527 304 844 367 354 831
324 226 904 821 879 532 738 309 298 155
487 917 47 668 879 666 759 367 736 849
570 155 398 831 744 226 296 339 904 396
237 176 237 508 332 223 187 145 88 51
367 88 454 700 656 713 88 175 296 275
559 2 330 959 681 731 928 277 334 791
285 352 4 534 83 966 693 885 470 456
582 338 259 637 419 918 518 726 538 456
262 324 194 530 673 473 898 291 257 511
742 64 836 759 775 422 870 291 558 409
88 841 537 399 133 928 885 796 713 517
82 453 797 973 479 315 791 6 729 566
856 859 726 815 834 711 689 7 470 628
309 525 703 380 241 980 738 117 296 403
534 71 307 367 223 297 859 931 237 815
761 623 530 561 368 100 672 567 509 976
147 208 318 612 927 511 476 600 398 12
643 454 327 639 383 64 237 668 832 981
241 112 2 729 476 791 703 534 517 824
797 511 100 428 745 177 759 791 133 107
790 138 523 761 885 572 487 638 657 790
834 930 428 130 952 176 562 89 703 638
698 607 641 819 40 794 368 22 476 910
77 511 330 587 893 403 928 797 662 530
143 561 392 29 435 904 670 879 251 588
390 164 211 6 189 892 761 421 75 444
218 117 451 656 499 182 404 438 656 627
88 75 304 224 700 9 831 440 237 147
48 126 730 612 5 511 975 490 124 248
849 237 413 237 564 129 885 237 22 438
989 56 68 153 791 367 885 270 914 885
797 298 76 582 52 534 533 63 570 323
748 621 274 474 726 428 226 297 255 623
335 750 367 243 175 195 409 316 65 794
908 790 595 812 893 966 567 358 785 43
534 176 455 899 578 243 274 962 64 103
923 893 729 367 885 756 367 705 513 22
102 772 968 322 161 664 646 624 703 989
322 723 37 598 780 874 904 534 968 136
60 237 414 534 22 672 335 82 529 356
237 2 508 814 898 505 744 396 322 885
190 129 262 326 368 457 836 748 440 129
112 436 64 133 237 575 237 27 942 691
78 912 304 783 961 598 705 218 967 88
513 411 796 334 714 756 832 457 828 247
75 914 39 127 874 396 262 856 538 961
759 530 815 847 898 596 523 351 158 57
24 530 470 89 395 901 164 413 345 323
438 689 155 322 761 745 304 176 155 968
237 368 623 395 609 561 704 258 81 690
377 176 43 428 356 758 470 904 912 197
759 814 262 416 914 88 71 878 961 502
964 876 766 15 108 952 411 428 885 322
120 513 709 387 24 175 327 784 219 844
761 176 398 53 761 476 556 497 390 89
759 467 713 896 691 773 428 237 247 411
691 367 270 782 966 821 713 982 176 440
489 229 297 761 176 342 966 834 297 938
989 959 940 269 885 689 237 335 241 411
819 796 195 942 791 226 904 193 263 885
812 700 291 966 30 785 83 783 270 917
858 906 759 844 859 534 65 775 223 657
726 82 77 774 390 175 275 459 155 745
885 799 863 237 653 53 277 973 907 147
758 479 844 356 561 175 913 176 885 82
27 341 564 745 858 941 473 377 595 959
356 300 628 237 946 904 428 433 351 856
262 885 980 270 759 237 444 280 589 304
685 952 729 232 333 755 369 440 12 815
171 808 703 10 295 606 131 129 784 322
978 950 219 338 822 225 672 298 101 907
170 241 809 700 82 297 693 648 500 998
440 826 299 815 930 838 226 966 955 702
779 596 936 423 735 596 213 911 453 653
66 222 628 439 689 638 227 195 456 821
181 448 582 119 367 453 541 609 713 859
759 856 147 628 904 446 262 64 92 501
530 187 831 237 304 105 703 731 791 885
745 456 105 538 556 261 648 497 791 86
359 797 298 244 390 175 762 472 159 390
327 729 445 874 545 648 834 182 837 133
901 534 368 844 2 791 668 756 530 847
203 230 8 182 959 670 922 653 941 195
533 885 229 345 779 794 296 367 82 759
530 407 885 367 241 440 543 224 766 133
559 624 39 731 235 806 718 56 144 217
63 996 200 968 847 989 356 296 418 486
665 980 199 984 731 893 879 211 612 486
309 980 3 623 436 755 176 996 731 378
318 92 926 885 367 451 241 652 190 966
726 138 784 10 654 141 745 844 42 689
834 966 375 9 368 10 108 729 703 904
939 698 739 759 304 871 237 904 9 9
812 100 384 164 396 745 176 246 433 229
223 419 534 476 246 815 218 759 628 788
843 278 428 744 296 888 790 512 375 2
390 430 646 254 464 470 759 440 600 630
309 90 155 511 904 367 361 534 598 27
131 639 155 77 3 277 256 499 623 561
504 317 474 907 182 15 157 472 628 904
456 155 411 384 582 51 731 885 617 270
816 323 893 560 229 440 607 729 693 967
598 966 428 270 237 512 403 322 457 335
881 85 359 623 266 123 431 362 468 713
596 29 82 149 303 885 26 821 46 133
440 729 392 761 133 531 304 435 989 877
966 332 15 107 911 367 433 821 815 572
15 332 545 766 111 775 101 761 797 163
981 627 868 687 83 530 660 906 583 33
559 605 350 22 559 53 965 879 926 482
755 643 270 566 691 9 377 773 904 81
195 440 736 303 155 822 566 258 428 298
177 237 88 180 436 628 961 397 473 891
380 516 885 322 155 711 914 304 914 904
561 792 410 197 860 794 199 131 131 51
902 761 254 950 700 321 796 177 238 156
511 814 370 793 237 575 298 722 476 765
322 736 397 566 759 378 775 472 941 928
458 729 458 999 668 905 584 773 540 472
335 996 964 377 435 322 81 469 207 967
662 783 826 177 959 257 904 705 450 904
826 127 738 64 254 705 266 168 505 386
296 874 209 342 240 421 885 74 909 719
904 71 2 561 341 9 849 304 522 224
444 566 885 874 650 938 416 656 436 812
789 159 808 740 138 907 412 459 237 966
390 809 704 561 490 213 466 97 451 713
438 941 290 628 607 945 885 374 643 931
159 973 63 344 658 600 795 910 904 790
322 511 844 176 530 627 932 185 304 758
439 364 133 214 296 219 914 788 715 851
844 759 963 412 859 506 856 621 657 159
859 117 812 6 83 530 759 304 37 831
318 83 527 316 561 262 914 322 470 117
603 878 566 582 12 701 729 377 64 242
329 138 177 673 644 600 330 791 596 698
480 15 221 775 229 530 663 269 66 742
318 164 356 993 773 948 396 759 968 367
52 285 190 367 670 628 511 904 206 598
588 495 176 237 129 881 814 885 433 494
469 351 176 454 176 397 904 662 874 790
343 670 226 904 639 856 296 500 12 129
867 71 885 213 729 433 511 673 739 639
224 296 133 480 941 904 435 907 596 898
729 138 659 705 486 511 528 470 930 424
826 270 237 182 351 318 367 440 335 390
729 144 460 318 92 156 657 729 832 566
39 270 731 904 820 176 705 775 227 277
748 416 309 847 731 346 211 927 815 659
856 176 530 133 43 665 298 413 45 783
729 505 271 321 885 472 296 344 321 126
75 656 549 234 440 145 0 15 374 241
390 638 96 622 838 480 351 870 512 131
921 304 81 16 796 657 359 110 848 624
322 525 672 761 729 55 367 952 783 29
989 814 648 316 723 476 982 511 656 799
133 229 317 74 74 403 241 237 101 512
772 46 628 821 429 138 243 291 911 124
394 750 885 64 648 147 739 334 238 438
367 200 973 176 200 326 367 581 133 879
886 226 22 371 27 534 285 498 223 479
367 177 714 790 224 904 559 241 223 71
296 713 426 850 147 761 683 885 61 745
773 473 966 307 9 134 377 329 381 759
826 463 525 64 917 541 374 731 908 885
848 326 285 154 961 25 435 904 783 912
439 421 566 759 968 57 51 599 321 129
774 453 914 726 33 606 599 213 394 588
619 428 759 638 795 759 124 192 994 288
266 600 258 138 428 729 691 487 494 223
97 45 216 973 958 108 82 588 298 133
343 729 703 904 782 377 198 436 436 213
10 370 596 409 730 497 480 6 961 83
783 814 367 729 700 24 131 913 871 582
713 612 448 794 559 796 414 237 966 64
670 761 254 530 429 664 356 261 472 171
814 191 39 784 309 980 322 648 349 879
759 844 677 300 417 980 300 975 437 511
6 885 791 729 534 538 668 959 270 653
178 213 271 15 368 814 237 322 176 904
303 355 356 367 211 632 855 689 433 473
700 975 106 28 367 791 241 703 777 229
782 319 11 705 821 55 638 942 834 848
790 784 85 309 320 679 836 904 588 836
159 474 155 638 268 711 435 912 155 138
686 177 370 675 127 504 318 824 988 838
440 223 348 877 966 63 790 298 982 483
226 333 527 606 874 396 961 838 33 592
467 713 573 577 657 197 791 577 9 34
530 296 713 639 476 896 438 113 426 995
108 720 587 530 559 909 136 745 235 63
444 440 729 885 885 745 421 582 576 238
639 729 510 130 868 138 689 467 429 936
259 101 394 685 677 229 321 117 812 428
